#MOFname                    usablegc usablevc density porosity Ri      ssa     specific
#ssa=specific                       (wt.%)   (kg/L)   (kg/L)  volzeo   (angs.) (m^2/g) porevolu
#surfacearea 25MPa    25MPa    -       -        -       -       mevolzeo
#angs.=angstroms         298.15K  298.15K  -       -        -       -       (cm^3/g)
abavij_P1 0.231869 0.003543 1.524267 0.028 2.22 668 0.018
abavop_P1 0.199343 0.003127 1.565256 0.018 1.77 520 0.011
abayio_P1_charged 1.340969 0.012898 0.948839 0.300 5.70 3084 0.316
abazaf01_P1 0.408280 0.005134 1.252247 0.056 2.41 1045 0.045
abazaf_P1 0.378182 0.004760 1.253867 0.047 2.27 1022 0.037
abeful_P1_H 0.207929 0.003338 1.601721 0.042 2.47 560 0.026
abexem_P1 0.262712 0.004957 1.881506 0.066 2.18 733 0.035
abexen_P1_charged 1.990779 0.013695 0.674080 0.452 9.40 2722 0.670
abexiq_P1 0.255981 0.004902 1.909701 0.063 2.14 722 0.033
abexow_P1 0.253375 0.004918 1.935951 0.055 2.12 706 0.028
abexuc_P1 0.242149 0.004789 1.972910 0.043 2.10 676 0.022
abeyaj_P1 0.242308 0.004938 2.032920 0.049 2.07 650 0.024
abeyen_P1 0.238062 0.004908 2.056764 0.046 2.06 651 0.022
abeyir_P1 0.230502 0.004848 2.097882 0.055 2.05 640 0.026
abiyiv_P1 0.237084 0.003199 1.345983 0.056 2.17 796 0.042
abuhaj_P1 0.164119 0.002377 1.445941 0.012 2.13 446 0.008
acajof_P1 0.481575 0.005896 1.218183 0.146 3.43 1196 0.120
acalib_P1_H 0.129453 0.002509 1.935558 0.025 1.92 342 0.013
acenif_P1 0.361209 0.004760 1.312833 0.129 2.74 1480 0.098
aciboe_P1_H 0.671760 0.008693 1.285189 0.198 4.13 1387 0.154
acicoh_P1 0.720362 0.009069 1.249796 0.092 2.62 1353 0.074
acmpcd_P1_H 0.126417 0.002267 1.790524 0.046 2.52 496 0.026
acobec_P1_H 0.075047 0.001176 1.565807 0.011 1.70 460 0.007
acodaa_P1 1.002179 0.010303 1.017622 0.200 3.24 2193 0.196
acoded_P1 0.760935 0.008654 1.128500 0.153 3.03 1851 0.136
acodon_P1_charged 0.847257 0.009951 1.164388 0.245 3.56 1964 0.210
acogef_P1 0.602973 0.007639 1.259084 0.105 2.61 1756 0.083
acolip_P1 0.697691 0.007371 1.048947 0.110 2.45 2170 0.105
acolub_P1 0.755687 0.008255 1.083839 0.181 3.72 2013 0.167
acufek_P1 2.365970 0.014160 0.584310 0.487 6.58 4034 0.833
acuheo_P1_H 0.241952 0.004811 1.983302 0.017 1.98 341 0.009
acurey_P1 0.302205 0.003773 1.244584 0.051 2.42 971 0.041
acuruo_P1 0.770450 0.008594 1.106639 0.209 3.42 1769 0.189
acutoi_P1_H 0.198562 0.003548 1.782752 0.051 2.59 577 0.029
acuxuu_P1 1.222276 0.014757 1.192484 0.253 4.08 1918 0.212
acuyab_P1 1.622278 0.018810 1.140538 0.360 5.01 1638 0.316
adabak01_P1 0.104854 0.001732 1.649591 0.011 1.87 367 0.007
adabak_P1 0.135501 0.002224 1.639126 0.017 1.96 375 0.010
adabeo_P1 0.127738 0.002102 1.642951 0.016 1.97 343 0.010
adabis_P1 0.109149 0.001806 1.652407 0.013 1.99 373 0.008
bacgaq_P1 0.422626 0.004947 1.165601 0.079 2.58 1361 0.068
bacmoh10_P1 0.346446 0.005262 1.513274 0.041 1.83 790 0.027
bacmoh_P1_H 0.331817 0.005039 1.513274 0.040 1.80 765 0.026
bacsil_P1 0.304372 0.004405 1.442449 0.078 2.90 845 0.054
badhia_P1 0.366439 0.004539 1.233862 0.054 2.01 1684 0.044
badhog_P1 0.358632 0.004462 1.239558 0.055 2.01 1682 0.044
badhum01_P1 0.199450 0.002712 1.356678 0.022 1.87 1022 0.016
badhum_P1 0.354693 0.004438 1.246471 0.054 2.01 1644 0.043
badjau_P1 0.341358 0.004335 1.265521 0.052 2.05 1495 0.041
badxuc_P1 1.273787 0.011424 0.885180 0.368 5.29 2318 0.416
badyaj_P1 1.100303 0.010954 0.984323 0.320 4.30 2290 0.325
badzak_P1_charged 1.082867 0.010520 0.960834 0.273 3.57 2748 0.284
bafbes_P1_charged 1.052614 0.018454 1.734559 0.217 3.54 1318 0.125
bafkur_P1 0.191878 0.002592 1.347723 0.016 2.11 621 0.012
bagrin_P1 0.069270 0.002054 2.962758 0.040 2.85 234 0.013
bahciz_P1 0.570562 0.006538 1.139210 0.149 3.92 1279 0.131
bahcof_P1_H 0.401806 0.006446 1.597747 0.107 3.05 738 0.067
bahgun01_P1 0.319852 0.004847 1.510501 0.039 2.11 715 0.026
bahgun02_P1 0.317823 0.004853 1.521690 0.037 2.09 724 0.024
bahgun03_P1 0.328620 0.004953 1.501890 0.045 2.11 758 0.030
bahgun04_P1 0.331549 0.004941 1.484951 0.047 2.12 776 0.032
bahgun_P1 0.330326 0.004949 1.493112 0.038 2.12 768 0.025
bahmaz_P1 0.170139 0.003241 1.901806 0.035 1.99 322 0.018
bakgax_P1 0.172714 0.003293 1.903474 0.025 2.03 378 0.013
bakjee_P1 0.874075 0.009088 1.030391 0.197 3.15 2164 0.191
bakjii_P1 1.243745 0.012078 0.958881 0.221 3.10 2852 0.230
baksis_P1 1.628231 0.012188 0.736191 0.383 5.82 2828 0.520
baljoq_P1_charged 0.275841 0.003598 1.300289 0.045 2.29 1261 0.035
bamkim_P1_charged 0.522149 0.006608 1.258752 0.139 3.35 1447 0.110
bamkos_P1_charged_H 0.424622 0.006516 1.528019 0.063 2.56 721 0.041
bammou_P1_charged 0.873087 0.008992 1.020627 0.283 5.51 1822 0.277
bammua_P1_charged 0.756683 0.007866 1.031446 0.247 5.09 1704 0.239
bamnah_P1_charged 0.596708 0.006121 1.019371 0.207 4.70 1718 0.203
bamnel_P1_charged 0.597129 0.006114 1.017454 0.210 4.70 1729 0.206
banmag_P1 0.375832 0.005579 1.478596 0.174 4.34 942 0.118
baqmow_P1 0.240691 0.004194 1.738168 0.028 2.55 466 0.016
baqmuc_P1 0.181821 0.003538 1.942415 0.038 2.49 390 0.020
barkud_P1_charged 1.225084 0.012544 1.011090 0.345 6.35 1611 0.341
barleo_P1_charged 2.034072 0.016840 0.810953 0.418 6.00 3201 0.515
barmep_P1_charged_H 1.076368 0.013342 1.226120 0.203 3.30 1749 0.166
cabjex_P1 1.024366 0.011501 1.111085 0.206 3.88 2162 0.185
cabjoh_P1 0.525573 0.007043 1.332856 0.075 2.26 887 0.056
cabnus_P1 0.418855 0.004905 1.165782 0.086 3.17 1278 0.074
cabpee_P1 0.109279 0.001929 1.763076 0.027 1.86 481 0.015
cabqeb_P1 0.133972 0.002193 1.634603 0.027 1.88 792 0.017
cacbug_P1_charged 0.299176 0.004075 1.357839 0.048 2.14 1144 0.035
cackez_P1 1.798048 0.011991 0.654750 0.442 5.63 2799 0.675
cadqab_P1 0.296489 0.004415 1.484608 0.050 2.96 734 0.034
cadyoz_P1 1.424450 0.013995 0.968404 0.391 6.59 1713 0.404
cadyuf_P1 1.332258 0.013588 1.006209 0.373 6.39 1702 0.371
cadzit_P1 0.296834 0.003741 1.256408 0.050 2.09 1126 0.040
cafrux_P1_charged 0.333684 0.004732 1.413292 0.049 2.67 727 0.035
cagsag_P1 0.747460 0.008166 1.084153 0.191 4.43 1880 0.176
cajhon_P1 0.102640 0.001559 1.517926 0.020 2.02 454 0.013
cajqel_P1 1.885343 0.014344 0.746388 0.426 6.00 3587 0.571
cajvug_P1 0.296438 0.003863 1.299100 0.046 2.55 872 0.035
cajwan_P1_charged 0.751300 0.009371 1.237795 0.113 2.64 1771 0.091
cakxet_P1_H 0.179825 0.003812 2.116206 0.018 1.95 405 0.009
cakxix_P1_H 0.178394 0.003812 2.132610 0.018 1.95 404 0.008
cakxod_P1_H 0.174845 0.003820 2.180758 0.017 1.94 391 0.008
cakxuj_P1_H 0.172363 0.003798 2.199415 0.017 1.94 390 0.008
cakyaq_P1_H 0.172682 0.003847 2.223513 0.018 1.94 387 0.008
cakyeu_P1_H 0.169414 0.003822 2.251994 0.016 1.93 386 0.007
cakyiy_P1_H 0.167289 0.003822 2.280588 0.015 1.93 379 0.007
canrug_P1 0.603020 0.006203 1.022397 0.094 2.54 1761 0.092
canyib_P1 1.036560 0.011540 1.101524 0.265 4.00 2166 0.241
caqcaz_P1_charged_H 0.631299 0.011012 1.733278 0.194 3.15 1055 0.112
caqhou_P1_H 0.374038 0.006991 1.861937 0.101 2.52 987 0.054
caqkaj01_P1_H 0.517623 0.006897 1.325344 0.076 2.16 1326 0.057
caqvoi15_P1 0.165007 0.002703 1.635069 0.022 2.01 509 0.013
caqvoi16_P1 0.160757 0.002641 1.639988 0.022 2.02 512 0.013
caqvoi17_P1 0.154874 0.002523 1.626645 0.023 2.01 514 0.014
caqvoi18_P1 0.158739 0.002590 1.628885 0.022 2.01 511 0.014
caqvoi19_P1 0.163452 0.002648 1.617344 0.022 2.02 522 0.014
caqvoi20_P1 0.162437 0.002629 1.615283 0.022 2.01 520 0.014
caqvoi21_P1 0.160000 0.002601 1.622997 0.022 2.01 521 0.014
caqvoi22_P1 0.158023 0.002571 1.624273 0.022 2.01 515 0.014
caqvoi23_P1 0.154746 0.002498 1.611364 0.021 1.99 514 0.013
caqvoi24_P1 0.159496 0.002609 1.633032 0.022 2.02 509 0.013
caqvoi25_P1 0.159538 0.002570 1.608362 0.022 2.01 524 0.014
dabdap_P1 0.231702 0.005703 2.455535 0.120 4.02 508 0.049
dabfet_P1_charged 0.270952 0.003767 1.386090 0.036 2.50 601 0.026
dabfix_P1_charged 0.209418 0.002991 1.424893 0.032 2.49 470 0.022
dabgiz_P1_H 0.170698 0.003888 2.273598 0.059 2.77 448 0.026
dabwua01_P1 1.193106 0.011064 0.916072 0.233 3.47 3286 0.254
dabwua_P1 1.225115 0.011502 0.927127 0.214 3.16 3280 0.231
dacdeu_P1_H 0.916079 0.010606 1.147129 0.211 3.65 1981 0.184
dacdiy_P1_charged 0.547371 0.006861 1.246397 0.085 2.65 1555 0.068
dacdoe_P1_H 0.317715 0.004754 1.491652 0.141 4.28 645 0.094
dacxov_P1 0.321825 0.004678 1.448754 0.063 2.59 838 0.043
dacxub_P1 0.317130 0.004708 1.479673 0.064 2.58 820 0.043
dacyai_P1 0.326330 0.004800 1.465794 0.064 2.60 842 0.044
dacyue_P1_charged 0.412570 0.004811 1.160967 0.062 2.04 1056 0.053
daczuf_P1 0.550563 0.007720 1.394399 0.062 2.26 1247 0.044
dadkol_P1 1.269036 0.011791 0.917195 0.303 4.79 2667 0.330
dadkur_P1 1.462344 0.013037 0.878275 0.338 4.94 2781 0.385
dadlig_P1 0.320203 0.003771 1.173516 0.045 2.61 948 0.038
dadnii_P1 0.266000 0.005414 2.029677 0.052 2.17 632 0.026
dadnoo_P1 0.279128 0.005847 2.088984 0.060 2.21 654 0.029
dadnuu_P1 0.281944 0.005805 2.052918 0.060 2.23 656 0.029
dadpac_P1 0.262016 0.005318 2.024226 0.048 2.16 634 0.024
dadpeg_P1 0.281202 0.005950 2.109868 0.058 2.18 673 0.027
dadtos01_P1_charged 0.458079 0.006326 1.374612 0.029 1.87 1103 0.021
dadtos02_P1_charged 0.439108 0.006121 1.387715 0.026 1.86 1036 0.019
dadtos04_P1_charged 0.451005 0.006203 1.369064 0.028 1.87 1103 0.020
dadtos05_P1_charged 0.464221 0.006417 1.375644 0.032 1.88 1107 0.023
dadtos06_P1_charged 0.464257 0.006415 1.375247 0.028 1.87 1104 0.020
dadtos08_P1_charged 0.462507 0.006378 1.372417 0.032 1.88 1125 0.023
dadtos12_P1_charged 0.457101 0.006340 1.380593 0.027 1.87 1088 0.020
dadtos13_P1_charged 0.444164 0.006238 1.397943 0.023 1.85 1007 0.016
dadtos14_P1_charged 0.396749 0.005723 1.436624 0.019 1.80 865 0.013
dadtos15_P1_charged 0.349957 0.005257 1.496801 0.018 1.74 687 0.012
dadtos16_P1_charged 0.319957 0.004905 1.527740 0.013 1.71 618 0.009
dadtos17_P1_charged 0.287905 0.004504 1.559711 0.012 1.68 554 0.008
dadtos18_P1 0.463216 0.006404 1.375929 0.032 1.87 1110 0.023
dadtos_P1_charged 0.458501 0.006332 1.374398 0.030 1.88 1117 0.022
dadtuy05_P1 0.411402 0.006235 1.509132 0.024 1.83 854 0.016
dadtuy_P1_charged 0.426067 0.006391 1.493579 0.025 1.85 911 0.017
dadvag01_P1_charged 0.616958 0.009469 1.525089 0.025 1.85 836 0.016
dadvag02_P1_charged 0.613424 0.009598 1.554918 0.024 1.83 805 0.015
ebahof_P1 0.312690 0.003693 1.177402 0.125 5.33 814 0.106
ebamol_P1_H 1.080274 0.011488 1.051780 0.219 3.98 2297 0.208
ebavip_P1 0.507332 0.006311 1.237586 0.058 2.42 1198 0.047
ebavov_P1 0.525928 0.006511 1.231242 0.065 2.44 1209 0.053
ebavub_P1 0.564848 0.006962 1.225565 0.074 2.58 1212 0.060
ebawiq_P1 0.399754 0.004748 1.182729 0.048 2.53 1199 0.041
ebawow_P1 0.450249 0.005147 1.137595 0.051 2.33 1412 0.045
ebekih_P1 0.163342 0.002131 1.302766 0.037 2.72 435 0.028
ebekon_P1 0.179371 0.002291 1.274751 0.044 2.82 505 0.034
ebemee_P1 0.205328 0.003312 1.609657 0.056 2.41 677 0.035
ebemii_P1 0.195802 0.003098 1.579114 0.049 2.37 656 0.031
ebemoo_P1 0.224326 0.003579 1.591586 0.054 2.44 713 0.034
ebevak_P1_charged 0.725807 0.007612 1.041018 0.193 3.77 1891 0.185
ebewit_P1 0.547660 0.008934 1.622183 0.163 3.04 1268 0.100
ebewoz01_P1 0.673179 0.011029 1.627180 0.216 3.49 1191 0.133
ebewoz_P1 0.662387 0.010861 1.628654 0.208 3.49 1186 0.128
ebexam_P1_H 0.560931 0.008874 1.573011 0.163 3.07 1345 0.104
ebexeq01_P1 0.328889 0.005971 1.809289 0.067 2.28 792 0.037
ebexeq_P1 0.331174 0.006040 1.817692 0.059 2.27 797 0.032
ebibey_P1_charged 0.415612 0.006071 1.454671 0.043 2.14 886 0.030
ebidok_P1_charged 1.761651 0.014030 0.782211 0.319 5.12 3905 0.408
ebihee_P1_H 0.223168 0.003229 1.443821 0.052 3.84 604 0.036
ebimej_P1 0.347118 0.004949 1.420496 0.037 2.26 962 0.026
ebimin_P1_charged 0.254585 0.003544 1.388377 0.035 2.15 764 0.025
ebimot_P1_charged_H 0.247327 0.003332 1.343837 0.036 2.37 693 0.027
ebipox_P1 0.493774 0.006045 1.217985 0.112 2.83 1857 0.092
ebiseq_P1 0.300352 0.003995 1.326096 0.053 2.38 967 0.040
ebisoa_P1 0.167124 0.002449 1.462641 0.036 2.29 498 0.025
ebizun_P1_H 1.531651 0.013109 0.842618 0.330 5.11 3641 0.391
ebobij_P1 1.004003 0.009526 0.939080 0.187 3.05 2625 0.199
ebobuv_P1 0.768158 0.007686 0.992670 0.149 2.91 2008 0.150
ebocik_P1 1.012180 0.009562 0.934996 0.187 3.05 2623 0.200
ebocoq_P1 0.770318 0.007665 0.987255 0.154 2.95 2040 0.156
ebomoz_P1 0.311368 0.004924 1.576276 0.078 3.32 827 0.049
ebotof_P1 0.183196 0.003479 1.895662 0.009 1.71 201 0.005
ebuqex_P1 0.680369 0.007000 1.021638 0.094 2.66 1882 0.092
ebuqib_P1_H 0.576513 0.006485 1.118252 0.108 3.02 1510 0.097
ebuqoh_P1_H 0.411376 0.004738 1.147017 0.115 3.93 1171 0.100
eburea_P1_H 0.301965 0.004289 1.415973 0.073 2.51 1079 0.052
ebuvaa_P1_H 0.273666 0.003885 1.415635 0.032 2.12 661 0.023
fabfof_P1_charged 0.536804 0.006469 1.198400 0.115 2.61 1830 0.096
fabgog_P1_charged 0.187492 0.002907 1.547339 0.030 2.31 532 0.019
fabgum_P1_charged 0.883784 0.010712 1.201222 0.129 2.25 2494 0.107
fafbul_P1 0.473817 0.008192 1.720588 0.117 3.25 856 0.068
fafgau_P1_H 0.183437 0.003623 1.971110 0.038 2.10 480 0.019
fafmaa_P1 0.184332 0.003585 1.940982 0.034 2.49 389 0.018
fafmac_P1 0.520954 0.006877 1.313045 0.148 3.41 1222 0.113
fafmee_P1 0.273313 0.005096 1.859371 0.032 2.50 412 0.017
fagfuq_P1_H 1.299624 0.011084 0.841580 0.254 3.42 2943 0.302
fagmae_P1_charged 0.303580 0.004334 1.423099 0.045 2.23 936 0.032
fagmei_P1_charged 0.353207 0.004876 1.375660 0.051 2.37 775 0.037
fagmos_P1_charged 0.339442 0.004845 1.422232 0.053 2.38 768 0.037
fagxix_P1 0.176484 0.002549 1.441534 0.038 2.61 541 0.026
fagxod_P1 0.296959 0.003712 1.245950 0.050 2.60 872 0.040
fahfur_P1_charged_H 1.140009 0.010748 0.931869 0.186 3.07 2989 0.200
fahpov_P1 2.874819 0.014173 0.478712 0.582 7.53 4053 1.215
fahqiq_P1_charged 1.092116 0.010145 0.918767 0.267 4.93 2281 0.290
fahqir_P1 0.305622 0.003917 1.277493 0.055 2.73 896 0.043
fahtue_P1_H 0.193471 0.003158 1.628822 0.071 3.61 648 0.044
fahvam_P1_H 0.193481 0.003131 1.614586 0.075 3.66 679 0.046
fajyas_P1 1.089838 0.009916 0.899783 0.249 4.23 2359 0.277
fajyat_P1_charged 1.156956 0.010540 0.900336 0.198 3.24 2510 0.220
fajyib_P1_charged 1.266954 0.011057 0.861495 0.255 3.46 2579 0.296
fajzic_P1_charged 1.139144 0.010241 0.888666 0.219 3.78 2427 0.246
fakgop_P1_H 0.339344 0.005077 1.490941 0.021 1.79 612 0.014
faklio_P1_charged 1.560744 0.011941 0.752990 0.317 4.68 2582 0.421
faklou_P1_charged 1.235270 0.010999 0.879239 0.307 4.57 2272 0.349
fakpeo_P1 0.098097 0.001565 1.594485 0.026 2.01 466 0.016
faldaa_P1 0.316772 0.004015 1.263419 0.054 2.49 993 0.043
falqiu_P1_H 0.080253 0.001601 1.993856 0.025 2.54 260 0.013
faltuk_P1 2.300812 0.015685 0.665889 0.461 7.22 3779 0.692
falvof01_P1_charged_H 0.272308 0.004570 1.673656 0.074 2.98 821 0.044
falvof_P1_charged_H 0.274923 0.004614 1.673656 0.074 2.99 825 0.044
falvul01_P1_H 0.157638 0.002965 1.877398 0.025 2.08 479 0.013
falvul02_P1_charged_H 0.129587 0.002462 1.897699 0.017 1.91 460 0.009
falvul_P1_H 0.139620 0.002652 1.896142 0.018 1.91 464 0.009
falxun_P1 0.252250 0.004180 1.652489 0.077 2.50 777 0.047
fambus_P1 0.764785 0.009049 1.173911 0.167 3.15 1960 0.142
famgad_P1 0.242409 0.003379 1.390315 0.073 2.74 849 0.052
fampuh_P1 2.310221 0.015903 0.672280 0.460 7.15 3784 0.684
gabguo_P1 0.200660 0.002969 1.476609 0.025 2.08 453 0.017
gacpux_P1 0.555904 0.006511 1.164598 0.101 2.87 1734 0.087
gacvis_P1_H 1.189733 0.014482 1.202613 0.195 3.51 2098 0.162
gacyan_P1 1.806691 0.012385 0.672875 0.418 4.75 3531 0.621
gaddoh_P1 0.244026 0.003805 1.555391 0.040 2.37 695 0.026
gadhif_P1 0.770856 0.007764 0.999256 0.160 3.89 2022 0.160
gadmaa01_P1 0.318390 0.005141 1.609236 0.165 4.13 804 0.103
gadmuw_P1 0.949958 0.009087 0.947443 0.209 4.57 2252 0.220
gadsah_P1 0.361248 0.004488 1.237814 0.059 2.21 906 0.048
gagsuf_P1_H 0.705144 0.011274 1.587257 0.326 5.53 1078 0.205
gagtoa_P1_H 0.171778 0.004463 2.593735 0.027 2.13 332 0.010
gagxap_P1_H 0.335584 0.005269 1.564564 0.044 1.97 823 0.028
gahpen_P1 0.328580 0.004665 1.414925 0.066 2.50 1000 0.047
gahroz_P1_charged 0.247513 0.004282 1.725887 0.059 3.02 535 0.034
gahseq_P1 0.607669 0.006586 1.077134 0.167 3.50 1509 0.155
gajtoc_P1 0.148809 0.002554 1.713454 0.031 2.24 484 0.018
gajtui_P1_H 0.152276 0.002619 1.717130 0.036 2.24 484 0.021
gajvaq_P1_H 0.144056 0.002536 1.757449 0.032 2.21 462 0.018
gajveu_P1_charged_H 0.651232 0.006991 1.066384 0.170 3.26 1788 0.159
gajviy01_P1 0.669338 0.006959 1.032421 0.136 2.75 2007 0.132
gajviy_P1 0.683185 0.007091 1.030581 0.151 2.82 1955 0.146
gajyun_P1 0.187765 0.003136 1.666871 0.050 2.05 962 0.030
gajzau_P1 0.237026 0.003931 1.654520 0.067 2.22 992 0.040
gajzey_P1 0.232961 0.003906 1.672716 0.065 2.23 976 0.039
gajzic_P1 0.226054 0.003902 1.722043 0.062 2.20 945 0.036
gajzoi_P1 0.221349 0.003905 1.760387 0.064 2.22 904 0.036
gajzuo_P1 0.260123 0.003909 1.498469 0.065 2.21 1071 0.043
gakbax_P1 0.220205 0.003841 1.740170 0.065 2.21 931 0.037
gaknox_P1 0.351194 0.004578 1.298740 0.038 2.18 924 0.029
galbus_P1 1.160267 0.011245 0.957824 0.255 4.54 2036 0.266
galcaz_P1_H 0.663652 0.007827 1.171440 0.173 3.75 1258 0.148
galced_P1 0.599447 0.007266 1.204547 0.182 3.67 1410 0.151
galhos_P1_H 0.804954 0.007807 0.962035 0.202 4.82 2003 0.210
galhuy_P1 1.372544 0.011800 0.847854 0.311 4.89 2756 0.367
galjag_P1 0.639866 0.006641 1.030980 0.164 3.57 1586 0.159
gallow01_P1 0.150111 0.003108 2.066996 0.024 2.11 367 0.012
gallow_P1_H 0.147510 0.003041 2.058649 0.025 2.10 366 0.012
galluc01_P1 0.151097 0.003214 2.123682 0.031 2.11 345 0.015
galluc02_P1 0.145194 0.003082 2.119329 0.021 2.12 342 0.010
galluc_P1 0.147497 0.003128 2.117455 0.025 2.12 339 0.012
habrej_P1 1.072705 0.010077 0.929069 0.239 3.61 2560 0.257
habrot_P1 0.151150 0.002282 1.507087 0.017 2.05 591 0.011
hacnil_P1 1.053980 0.009311 0.873908 0.241 4.06 2183 0.276
hactel_P1_H 0.341635 0.004073 1.188100 0.057 2.53 899 0.048
hadloq01_P1 1.795877 0.012794 0.699388 0.370 5.02 3057 0.529
hadloq_P1 1.818894 0.013005 0.701792 0.369 5.01 3033 0.526
hadmad01_P1 1.687031 0.013409 0.781268 0.412 4.96 2699 0.527
hadmad_P1 1.349398 0.011579 0.846325 0.313 4.42 2304 0.370
hadmil_P1 0.296703 0.003818 1.282873 0.042 2.12 791 0.033
hafdoi_P1 0.295132 0.004775 1.612749 0.091 2.91 930 0.056
hafduo_P1 0.260744 0.004455 1.704332 0.079 2.42 848 0.046
hafgut_P1 1.320990 0.012225 0.913048 0.230 5.05 2715 0.252
hafpub_P1 0.288606 0.006304 2.178032 0.051 2.43 511 0.023
hafqow_P1_H 1.563046 0.014932 0.940198 0.244 3.69 2394 0.259
hafquc_P1_H 1.436166 0.013371 0.917294 0.187 3.36 3020 0.204
hafsoz_P1 0.456034 0.006566 1.433053 0.104 3.25 1092 0.073
hafvob_P1_H 0.400199 0.004609 1.146800 0.073 2.60 1291 0.064
hafvuh_P1_H 1.191479 0.011324 0.938898 0.250 3.63 2242 0.266
hafwui01_P1_charged 0.270691 0.003724 1.372095 0.051 2.64 723 0.037
hagtan_P1_charged 0.211463 0.003163 1.492578 0.038 2.47 570 0.025
hagtiv_P1 0.104746 0.001287 1.227082 0.037 2.86 632 0.030
hahcur_P1 0.857704 0.009566 1.105485 0.154 3.60 1729 0.139
hajdii_P1_charged 0.085804 0.001233 1.435664 0.021 2.03 391 0.015
hajjae_P1 0.059767 0.001031 1.722232 0.024 1.78 541 0.014
hajkio_P1 0.661465 0.009026 1.355474 0.140 3.33 1319 0.103
hajkou_P1 0.742068 0.009463 1.265554 0.125 3.11 1353 0.099
hajyez_P1 0.377888 0.005794 1.527368 0.064 2.53 713 0.042
hakcig_P1 0.281465 0.003914 1.386354 0.039 2.70 798 0.028
hakvib_P1_charged 1.270285 0.016240 1.262019 0.273 4.54 2204 0.216
hakvun_P1_charged 0.851446 0.012052 1.403433 0.168 2.85 2197 0.120
hakwau_P1_H 0.967217 0.010152 1.039301 0.158 2.90 2880 0.152
halquj_P1 1.393130 0.010946 0.774621 0.209 2.89 4160 0.270
haltum_P1 0.370442 0.005604 1.506922 0.035 2.14 632 0.023
halvau_P1 0.297308 0.003940 1.321137 0.058 2.43 903 0.044
hamjow_P1 1.257642 0.011664 0.915676 0.234 2.98 3168 0.255
hamlit_P1_charged 0.975622 0.010373 1.052661 0.225 3.78 2162 0.214
hamreu_P1_H 0.348597 0.006348 1.814771 0.108 3.69 682 0.059
hamriy_P1_H 0.313719 0.006255 1.987172 0.102 3.56 610 0.051
hanwaw_P1 1.388906 0.012426 0.882155 0.283 3.77 3352 0.321
hapgir_P1 0.642028 0.008525 1.319147 0.138 3.06 1446 0.105
ibabof01_P1 0.728291 0.008242 1.123325 0.147 2.94 2046 0.131
ibabof_P1 0.731023 0.008268 1.122564 0.144 2.97 2055 0.128
ibabul_P1 0.775056 0.008737 1.118471 0.161 2.92 2054 0.144
ibacas_P1 0.736785 0.008317 1.120284 0.149 2.92 2054 0.133
ibarua_P1_H 0.305971 0.006132 1.997890 0.102 3.56 602 0.051
ibasah_P1_H 0.312166 0.006177 1.972397 0.114 3.58 616 0.058
ibasel_P1_H 0.355863 0.006390 1.788960 0.120 3.71 698 0.067
ibasov_P1_H 0.348563 0.006438 1.840598 0.118 3.66 679 0.064
ibasub_P1_H 0.334035 0.006322 1.886119 0.114 3.63 653 0.060
ibatai_P1_H 0.348551 0.006356 1.816959 0.119 3.68 676 0.065
ibatem_P1_H 0.322965 0.006224 1.920700 0.116 3.62 640 0.060
iberue_P1 0.495279 0.005830 1.171165 0.086 2.78 1496 0.073
ibicaz_P1 0.678410 0.007322 1.071833 0.216 5.01 1217 0.201
ibiced_P1 0.588513 0.007256 1.225469 0.212 5.03 1023 0.173
ibicih_P1 0.683424 0.007350 1.068024 0.216 4.98 1215 0.202
ibicon_P1 0.601418 0.007402 1.223168 0.218 5.03 1032 0.178
ibicut_P1 0.687966 0.007401 1.067977 0.220 5.09 1196 0.206
ibidaa_P1 0.609188 0.007420 1.210298 0.219 5.09 1057 0.181
ibires_P1 0.438387 0.007022 1.594726 0.130 3.04 1061 0.081
ibituk_P1_charged_H 0.273415 0.003643 1.328621 0.042 2.31 923 0.032
ibixid_P1 0.222947 0.003351 1.499834 0.027 2.19 622 0.018
ibixuo_P1 0.207897 0.002964 1.422919 0.026 2.15 570 0.018
ibiyoi_P1_charged 0.170290 0.003370 1.975116 0.041 2.61 444 0.021
ibiyuo_P1 0.253460 0.004976 1.958293 0.075 2.60 569 0.038
ibocio_P1 0.534562 0.007468 1.389260 0.094 2.52 1436 0.068
ibocou_P1 0.640289 0.008649 1.342087 0.108 2.56 1504 0.080
ibotic_P1_charged 0.157300 0.002225 1.412477 0.019 2.10 464 0.013
ibowih_P1_charged_H 0.319130 0.004130 1.290163 0.070 2.53 957 0.054
ibozik_P1 0.152992 0.002047 1.335945 0.026 2.12 879 0.019
ibubep_P1_charged 0.820424 0.009750 1.178585 0.231 3.52 2041 0.196
ibubit_P1 0.943030 0.009625 1.010750 0.247 3.70 2250 0.244
ibudoz_P1 0.401450 0.006001 1.488719 0.099 2.54 1048 0.066
icalop_P1 1.761528 0.014280 0.796170 0.408 3.74 3448 0.512
icaluv_P1 1.017654 0.009847 0.957562 0.212 3.63 2510 0.221
icamac_P1 0.409598 0.005045 1.226438 0.077 2.55 1082 0.063
icameg_P1 0.512155 0.005864 1.138868 0.157 4.12 1110 0.138
icanad_P1 0.502660 0.010170 2.012954 0.073 3.66 626 0.036
icaneh_P1 0.514547 0.010320 1.995259 0.078 3.72 641 0.039
icarah_P1 2.482813 0.013642 0.535716 0.466 7.46 4387 0.869
icawuf_P1 0.299101 0.003707 1.235626 0.075 4.04 727 0.061
jabgur01_P1 0.760295 0.008520 1.111926 0.216 4.98 1590 0.194
jabgur_P1 0.733631 0.008323 1.125975 0.209 4.90 1554 0.186
jadbic_P1 0.290322 0.004089 1.404110 0.070 2.57 965 0.050
jadjoq_P1 0.525220 0.006486 1.228336 0.111 2.47 1858 0.090
jadmaf_P1 0.288662 0.003546 1.224705 0.046 2.70 917 0.038
jahxum_P1 0.634150 0.008676 1.359188 0.186 3.86 1568 0.137
jalloa_P1_H 1.507301 0.013221 0.863828 0.593 10.00 1689 0.686
jalpaq_P1 0.109252 0.001816 1.660015 0.016 1.99 512 0.010
jamlit_P1_charged 0.319438 0.006711 2.094117 0.039 1.98 503 0.019
jamtez_P1 1.389940 0.012805 0.908486 0.309 6.06 2963 0.340
jannaq_P1_charged 0.376913 0.006046 1.598083 0.035 1.97 751 0.022
janqat_P1_charged 0.381117 0.005892 1.539789 0.036 1.98 801 0.023
jarmeu10_P1_charged 3.602884 0.014300 0.382461 0.564 5.38 6111 1.474
jarmeu_P1_charged 3.653521 0.014508 0.382461 0.564 5.38 6093 1.474
jasnat_P1 0.527714 0.006623 1.248181 0.084 2.39 1506 0.067
jasnex01_P1 0.771727 0.008457 1.087308 0.142 3.09 2013 0.131
javnie_P1_H 1.166791 0.011510 0.974766 0.225 3.40 3038 0.231
jaxnuu_P1 0.372813 0.005893 1.574833 0.058 2.26 877 0.037
jaxzug_P1 1.054418 0.011047 1.036392 0.204 3.52 2381 0.197
jayxal_P1_charged 1.098025 0.011121 1.001590 0.206 2.99 2887 0.206
jebcoj_P1_H 0.326713 0.006264 1.911149 0.110 3.60 645 0.058
jebwev_P1_charged_H 0.834103 0.009977 1.186031 0.354 9.32 1207 0.298
jedceb_P1_charged 0.683795 0.010519 1.527658 0.205 5.06 1252 0.134
jedcif_P1_charged 0.616720 0.009863 1.589408 0.177 5.12 1011 0.111
jeddii_P1 0.621145 0.007532 1.204923 0.135 3.72 1722 0.112
jedjuy_P1_H 0.274103 0.004926 1.792015 0.071 2.38 732 0.040
jedkej_P1 1.256627 0.010255 0.805584 0.323 5.91 2324 0.401
jedvew_P1 1.421041 0.012890 0.894040 0.303 3.89 3137 0.339
jedvia_P1 2.649319 0.014279 0.524485 0.549 5.89 4359 1.046
jedvog_P1 1.331378 0.013376 0.991164 0.190 2.60 3397 0.192
jefsuj_P1_H 0.136049 0.002118 1.554458 0.017 1.75 415 0.011
jegcaa01_P1 0.191374 0.002859 1.490570 0.072 2.84 707 0.048
jegwuq_P1_charged 1.150173 0.010775 0.925959 0.355 7.76 1721 0.383
jehbac_P1_charged 1.877516 0.012320 0.643677 0.402 4.88 3781 0.624
jehbeg_P1 4.350774 0.015634 0.343634 0.675 13.05 4726 1.963
jehboq_P1 4.412086 0.015546 0.336735 0.663 11.24 4885 1.968
jehjue_P1 0.870549 0.009096 1.035655 0.270 4.66 1870 0.261
jejkep_P1 0.392017 0.005609 1.425207 0.074 2.55 1158 0.052
jejwif_P1 1.248136 0.010779 0.852689 0.270 3.78 2914 0.316
jejwol_P1 1.486963 0.011736 0.777322 0.331 4.71 3276 0.426
kabtue_P1 0.118484 0.001887 1.590365 0.030 2.30 415 0.019
kabxes_P1 0.211585 0.003297 1.554928 0.044 2.06 674 0.028
kabxiw_P1 0.250084 0.003779 1.507430 0.038 2.16 711 0.025
kabxoc_P1 0.237021 0.003732 1.570862 0.036 2.14 664 0.023
kaczev_P1_H 1.695902 0.013646 0.790951 0.377 4.56 3485 0.476
kacziz_P1_H 1.616957 0.013398 0.815202 0.340 4.48 3418 0.417
kaczum_P1 0.520333 0.006194 1.184078 0.081 2.45 1424 0.068
kadbav_P1 0.359751 0.004704 1.302706 0.037 2.25 926 0.028
kadlot_P1 1.255383 0.012436 0.978066 0.278 4.47 2539 0.284
kadluz_P1 1.419111 0.012598 0.875052 0.354 7.14 2739 0.404
kadtiv_P1 0.159889 0.002122 1.324476 0.021 1.86 394 0.016
kaftuj_P1 1.764512 0.012244 0.681600 0.405 8.40 3035 0.594
kagcay_P1_H 0.594184 0.007441 1.244803 0.122 3.72 1604 0.098
kahpue_P1 0.828737 0.009732 1.164412 0.116 2.32 1644 0.100
kajzih_P1 0.357160 0.006552 1.827652 0.102 3.67 605 0.056
kakcad_P1_charged 0.984534 0.009273 0.932505 0.235 4.53 2068 0.252
kakceh01_P1_charged 0.336902 0.003964 1.172382 0.117 2.93 1314 0.100
kakceh02_P1_charged 0.210490 0.002607 1.235555 0.069 2.82 865 0.056
kakceh_P1 0.408073 0.004683 1.142650 0.137 3.49 1223 0.120
kalfek_P1 1.090473 0.010313 0.935291 0.200 3.27 2802 0.214
kalfio_P1 1.046607 0.010005 0.945740 0.185 3.14 2829 0.196
kalfou_P1 1.097928 0.010436 0.939987 0.191 3.24 2750 0.203
kalgah_P1_H 1.124426 0.010661 0.937313 0.204 3.18 2777 0.218
kalgel_P1 1.086983 0.010195 0.927571 0.193 3.24 2817 0.208
kamxuu_P1_charged 0.836097 0.008800 1.043469 0.162 2.63 2200 0.155
kamyab_P1_charged_H 1.418492 0.012984 0.902229 0.323 4.67 2508 0.358
kamzuv_P1 0.919014 0.008623 0.929475 0.237 5.80 2148 0.255
kancin_P1 0.556067 0.006636 1.186548 0.094 2.34 1719 0.079
kandag_P1 0.315386 0.004358 1.377058 0.051 2.34 913 0.037
kandek_P1 0.369773 0.005060 1.363204 0.066 2.45 1013 0.048
kaphob_P1 0.657856 0.007309 1.103579 0.079 2.45 1657 0.072
kaphoz_P1_charged 0.580501 0.007883 1.349895 0.025 1.82 739 0.019
kaphuh_P1 0.652666 0.007168 1.090908 0.067 2.43 1574 0.061
kaqbow_P1 0.488448 0.005934 1.208738 0.112 3.03 1178 0.093
karlas_P1_H 1.072316 0.011453 1.056456 0.217 3.99 2325 0.205
karlia_P1_H 1.784582 0.013428 0.738908 0.366 5.02 3535 0.495
kasdoa_P1_charged 1.334435 0.011683 0.863626 0.348 5.67 2807 0.403
kasgix_P1 0.128352 0.001836 1.428452 0.022 2.21 462 0.015
kashuk_P1_H 0.052998 0.001876 3.537582 0.014 1.86 232 0.004
kasluo_P1 0.849620 0.008827 1.029983 0.140 2.97 2191 0.136
labgay_P1 0.216301 0.003173 1.463421 0.038 2.23 697 0.026
labjop_P1 0.240541 0.003950 1.637988 0.042 2.48 556 0.026
labjuv_P1 0.185004 0.004366 2.355478 0.055 2.56 545 0.023
labnag_P1 0.747684 0.009635 1.278967 0.287 5.14 1622 0.224
labpov_P1_charged 0.081941 0.001447 1.764053 0.040 2.47 402 0.023
labpub_P1_charged 0.082764 0.001485 1.792322 0.042 2.57 399 0.023
labqai_P1_charged 0.084056 0.001512 1.796131 0.043 2.65 407 0.024
labrue_P1_charged_H 0.554302 0.006343 1.137806 0.133 3.48 1312 0.117
labzew_P1 1.233930 0.011721 0.937987 0.311 3.31 2747 0.331
labzia_P1 1.061568 0.010441 0.972991 0.273 3.32 2553 0.280
labzog_P1 0.579153 0.006744 1.157453 0.137 2.78 1738 0.118
labzum_P1 0.455052 0.005505 1.204150 0.108 3.06 1427 0.090
lacdur_P1 0.151375 0.002529 1.668193 0.027 2.13 461 0.016
lacfig_P1 0.156580 0.002895 1.845709 0.027 1.99 452 0.015
lacfom_P1 0.163184 0.003652 2.234092 0.026 2.32 372 0.012
lacjac_P1 0.256625 0.004180 1.624452 0.061 2.28 743 0.038
lacjeh_P1 0.166638 0.002788 1.669961 0.031 1.96 520 0.019
lacjil_P1 0.452661 0.005639 1.239787 0.107 2.64 1599 0.086
lacjor_P1 0.221952 0.003054 1.373104 0.051 2.74 877 0.037
lacnub_P1 1.080390 0.009757 0.893274 0.190 5.47 2743 0.213
lacqis_P1_charged 0.422635 0.005866 1.381960 0.097 2.83 1224 0.070
lacyia_P1_charged 1.535242 0.012377 0.793664 0.330 7.10 2967 0.416
ladhij_P1_H 0.207594 0.002822 1.356280 0.044 3.16 689 0.032
ladqep_P1_H 0.357547 0.004609 1.284119 0.092 3.13 1115 0.072
ladqit_P1_H 0.363287 0.004703 1.289537 0.087 3.18 1139 0.067
ladqoz_P1_H 0.356911 0.004588 1.280563 0.092 3.15 1112 0.072
ladquf_P1_H 0.346772 0.004534 1.303010 0.089 3.10 1093 0.068
laffeg02_P1_charged 0.424796 0.004803 1.125532 0.080 2.59 1446 0.071
laffeg_P1_charged 0.425388 0.004833 1.131256 0.078 2.58 1431 0.069
lafjuy_P1_charged 0.551508 0.006659 1.200741 0.058 2.30 1249 0.048
lagbus_P1 0.215371 0.003515 1.628488 0.049 3.45 543 0.030
lagcaz_P1_charged 0.813596 0.010350 1.261648 0.119 3.44 1588 0.094
lagced_P1_charged 0.935398 0.010723 1.135433 0.224 4.13 1822 0.197
lagcih_P1_charged 0.516036 0.007611 1.467036 0.103 3.52 1000 0.070
lagcon_P1_charged 0.891346 0.010557 1.173491 0.221 3.98 1739 0.188
lagcut_P1_charged 0.948810 0.011005 1.148630 0.217 4.13 1788 0.189
lagcuu_P1 0.394201 0.005898 1.490059 0.082 2.23 1107 0.055
lagdaa_P1 0.489996 0.007528 1.528494 0.122 3.67 837 0.080
lagdee_P1_charged 0.596615 0.008342 1.389712 0.153 4.25 1074 0.110
lagtiy_P1_charged 0.393715 0.006412 1.621908 0.096 3.74 763 0.059
mabfon_P1_charged 0.158355 0.002874 1.811836 0.033 2.16 467 0.018
mabfut_P1_charged 0.156182 0.002899 1.853150 0.020 2.15 438 0.011
mabgaa_P1 0.152623 0.002850 1.863805 0.030 2.15 438 0.016
mabgee_P1_charged 0.152086 0.002856 1.874841 0.033 2.15 443 0.018
mabjop_P1 0.197625 0.003109 1.570039 0.044 2.26 641 0.028
mabjuv01_P1 0.213392 0.003293 1.539899 0.053 2.36 650 0.034
mabjuv_P1 0.218460 0.003349 1.529155 0.055 2.36 671 0.036
mabkeg_P1 0.225288 0.003339 1.478437 0.050 2.48 659 0.034
mabkik01_P1 0.324566 0.004527 1.390064 0.094 2.76 889 0.068
mabkik_P1 0.224542 0.003269 1.452426 0.051 2.48 669 0.035
mablad_P1 0.482404 0.005803 1.196964 0.091 2.67 1242 0.076
mackae_P1_charged_H 0.233115 0.006959 2.977767 0.119 3.37 674 0.040
macufr02_P1_charged 0.434775 0.006683 1.530247 0.025 1.86 879 0.016
madvuj_P1 0.223586 0.003711 1.656009 0.052 2.66 664 0.031
madwaq_P1 0.251690 0.003841 1.522451 0.047 2.59 713 0.031
mafdii_P1_H 0.852167 0.009804 1.140607 0.199 3.09 2226 0.174
mafjio_P1 1.556042 0.012986 0.821400 0.293 4.18 3843 0.357
maflox_P1 0.860532 0.009614 1.107409 0.185 2.73 2643 0.167
maflud_P1 0.782684 0.009070 1.149622 0.160 2.69 2446 0.139
mafmak_P1 0.914090 0.009785 1.060512 0.222 2.97 2721 0.209
mafmis_P1 0.877568 0.009649 1.089618 0.187 2.80 2707 0.172
mafmoy01_P1 0.053928 0.000946 1.752954 0.021 1.66 663 0.012
mafmoy_P1 0.057986 0.001014 1.746063 0.015 1.67 676 0.009
mafzie_P1_H 0.567971 0.007311 1.279698 0.138 3.14 1409 0.108
mafzuq_P1_charged 0.159636 0.003011 1.882589 0.025 2.04 308 0.013
magbaz_P1 0.163312 0.002650 1.619536 0.033 2.07 630 0.020
magbon_P1_charged 0.504293 0.006823 1.345986 0.107 3.02 1361 0.079
magxok_P1 0.429496 0.008689 2.014343 0.169 5.16 772 0.084
mahceg_P1 2.706586 0.015001 0.539184 0.557 9.26 4145 1.033
mahcik_P1 2.598165 0.014611 0.547717 0.543 9.39 4133 0.991
mahcoq_P1 2.718176 0.014963 0.535441 0.557 9.42 4126 1.040
mahdor_P1 0.747559 0.009774 1.297513 0.288 5.37 1371 0.222
mahgag_P1 0.777993 0.009760 1.244480 0.155 2.91 1763 0.125
majhuc_P1 0.152445 0.001903 1.246526 0.038 2.47 589 0.030
makcim_P1 0.128686 0.002074 1.609688 0.012 1.66 493 0.007
makfiq_P1 0.645647 0.008558 1.316705 0.217 4.28 1293 0.165
makfow_P1 0.623394 0.008526 1.358879 0.217 4.17 1304 0.160
makgaj_P1_charged 0.589389 0.008050 1.357444 0.183 4.23 1348 0.135
makrau_P1 0.527688 0.006147 1.158581 0.120 3.60 1031 0.104
malyij_P1_charged 0.648947 0.005999 0.918210 0.115 2.78 2190 0.125
obafef_P1 0.070980 0.001785 2.513105 0.022 2.24 288 0.009
obafij_P1 0.114933 0.002905 2.524149 0.031 2.31 354 0.012
obahad_P1 1.003559 0.009561 0.943048 0.257 4.47 2140 0.272
obaheh_P1 0.938906 0.009256 0.976506 0.243 4.15 2100 0.249
obahil_P1 0.934161 0.009171 0.972450 0.242 4.22 2060 0.249
obahor_P1 0.936993 0.009285 0.981526 0.232 4.02 2079 0.236
obedaa_P1_charged 0.689649 0.008123 1.169658 0.091 2.35 1731 0.078
obibaf_P1 0.565990 0.005622 0.987376 0.094 2.89 1764 0.095
obibej_P1_charged_H 0.562281 0.005539 0.979487 0.102 3.24 1773 0.104
obiyac_P1_charged 0.593340 0.008539 1.430503 0.116 3.17 1244 0.081
obogiy_P1 0.343337 0.005843 1.695809 0.087 2.87 834 0.051
oboguk_P1 1.529994 0.012851 0.826909 0.373 4.24 3265 0.451
obonuo_P1_charged 0.727400 0.007946 1.084184 0.180 4.31 1478 0.166
obuboc_P1_H 0.458268 0.007063 1.534093 0.188 4.23 1010 0.123
obufex_P1_H 0.703739 0.007793 1.099345 0.162 2.56 2050 0.147
obufib_P1_charged 0.270398 0.004242 1.564437 0.068 2.35 942 0.043
ocawat_P1_H 0.289162 0.005015 1.728969 0.056 2.69 812 0.032
ocibio_P1 0.413394 0.005015 1.207847 0.062 2.52 1000 0.051
ocihis_P1_charged_H 0.196157 0.003302 1.679908 0.014 1.87 333 0.008
ocinia_P1_H 0.134070 0.002393 1.782085 0.030 2.38 372 0.017
ocivih01_P1 0.176247 0.002853 1.615542 0.065 3.55 681 0.040
ocivih_P1 0.186956 0.003042 1.623776 0.064 3.52 661 0.039
ociyuw_P1_charged 0.461556 0.008297 1.789106 0.158 4.40 698 0.088
ocizil_P1 0.202502 0.002715 1.337806 0.039 2.39 613 0.029
ocugez01_P1 0.457479 0.006511 1.416472 0.143 2.86 1339 0.101
ocugez_P1_H 0.440115 0.006363 1.439288 0.114 2.83 1297 0.079
ocumil_P1 0.275411 0.004161 1.506476 0.075 2.52 781 0.050
ocumor_P1 0.133432 0.002086 1.561237 0.027 2.19 524 0.017
ocumux_P1 0.130816 0.002064 1.575291 0.014 1.82 454 0.009
ocunae_P1 0.136104 0.002042 1.497654 0.030 2.32 552 0.020
ocurio_P1_charged_H 0.855643 0.014225 1.648318 0.063 2.19 1036 0.038
odagei_P1_charged 0.188717 0.003068 1.622726 0.052 3.81 361 0.032
odahik_P1_charged 0.399055 0.004289 1.070114 0.069 2.58 1246 0.064
odajag_P1_H 0.108914 0.002381 2.183473 0.030 1.89 410 0.014
odepof_P1 0.339648 0.004275 1.254150 0.103 3.78 833 0.082
odepul_P1 0.811474 0.009101 1.112378 0.153 4.25 1688 0.137
odeqas_P1 0.327584 0.004221 1.284134 0.101 3.72 804 0.079
odeqew_P1 0.753402 0.008704 1.146479 0.140 4.22 1628 0.122
odezab_P1 1.516091 0.012913 0.838698 0.277 3.58 3547 0.330
odimaq_P1 0.351587 0.005471 1.550415 0.173 4.26 850 0.112
pacgim_P1_charged 0.949409 0.010218 1.065931 0.197 2.83 2784 0.185
paczuq_P1_H 0.267619 0.004131 1.539401 0.100 3.47 1114 0.065
padbaz_P1_charged_H 0.216348 0.003930 1.812397 0.087 3.64 695 0.048
padkip26_P1_charged 0.521992 0.006972 1.328667 0.072 2.28 1268 0.054
padkip27_P1_charged 0.530465 0.007075 1.326423 0.073 2.29 1283 0.055
padkip28_P1_charged 0.526837 0.007020 1.325339 0.073 2.29 1290 0.055
padkip29_P1_charged 0.529465 0.007046 1.323542 0.073 2.29 1302 0.055
padkip30_P1_charged 0.526716 0.006993 1.320680 0.074 2.29 1317 0.056
padkip31_P1_charged 0.535176 0.007112 1.321673 0.074 2.29 1321 0.056
padkip32_P1_charged 0.531864 0.007077 1.323280 0.074 2.29 1327 0.056
padret_P1 0.247028 0.003382 1.365269 0.037 2.56 668 0.027
pafmuh_P1 0.183288 0.002870 1.562723 0.033 2.08 576 0.021
pafnes_P1 0.298835 0.004338 1.446780 0.069 2.20 991 0.048
pafpaq_P1 0.301847 0.003630 1.198750 0.068 2.64 1669 0.057
pafpof_P1 0.877725 0.009342 1.054866 0.214 3.55 2019 0.203
pafvea_P1 0.151969 0.002542 1.669993 0.018 2.09 408 0.011
pahlet_P1 0.359956 0.004658 1.289176 0.089 2.88 925 0.069
pahpog_P1_charged 0.544349 0.007287 1.331137 0.086 3.09 1287 0.065
pajruq_P1 1.169126 0.010024 0.847179 0.277 5.90 2710 0.327
pakxik_P1 0.272367 0.003895 1.425989 0.065 2.58 962 0.046
panyel_P1 0.324648 0.004534 1.392003 0.046 2.41 944 0.033
panyou_P1 0.531521 0.006162 1.153069 0.128 2.68 1587 0.111
papkav_P1_charged 0.148612 0.002077 1.395227 0.028 2.18 583 0.020
papluq_P1 1.081700 0.012073 1.103943 0.221 3.51 1840 0.200
papnur_P1_charged_H 0.015114 0.000241 1.596496 0.007 1.61 211 0.004
paproo_P1_H 0.324718 0.006299 1.933583 0.118 3.59 638 0.061
papruu_P1_H 0.318093 0.005826 1.825357 0.102 3.70 655 0.056
papzaj_P1_H 0.095675 0.002215 2.312980 0.017 2.60 252 0.007
paqfiy_P1_charged 0.290952 0.004765 1.632957 0.069 2.53 644 0.042
paqtim01_P1_charged 0.628496 0.007868 1.243948 0.104 2.66 1599 0.084
paqtos01_P1_charged 0.676868 0.007955 1.167248 0.127 2.67 1700 0.109
paqvio_P1_charged 0.738803 0.008279 1.112229 0.127 2.71 1769 0.114
paqvou_P1_charged 0.860058 0.009575 1.103712 0.113 2.56 1774 0.102
parhas_P1 1.060840 0.008785 0.819196 0.252 3.45 2842 0.308
parhew_P1 1.323263 0.009952 0.741938 0.320 3.69 3418 0.431
parkuq01_P1 0.619311 0.008351 1.339861 0.154 2.85 1360 0.115
parkuq_P1 0.618298 0.008358 1.343363 0.140 2.84 1360 0.104
parmig_P1 0.716167 0.009623 1.333998 0.082 2.31 1135 0.061
parnon_P1 0.513895 0.006176 1.195338 0.137 3.21 1306 0.115
parvub_P1 0.099948 0.001370 1.369178 0.008 2.49 433 0.006
qabvew_P1 0.975327 0.010043 1.019537 0.211 3.84 2636 0.207
qadbii_P1 0.241318 0.003448 1.425374 0.056 2.45 857 0.039
qadkah_P1_H 0.338743 0.006277 1.846672 0.019 1.80 402 0.010
qadwea_P1_charged 0.183800 0.003448 1.872501 0.024 2.04 590 0.013
qadwie_P1_charged 0.170421 0.003262 1.910937 0.020 2.01 543 0.010
qadwok_P1_charged 0.173093 0.003346 1.929367 0.022 2.02 558 0.011
qadwuq_P1_charged 0.167235 0.003277 1.955715 0.022 2.00 541 0.011
qadxax_P1_charged 0.170815 0.003378 1.973771 0.023 1.99 538 0.012
qafgag_P1_H 0.162458 0.002461 1.512283 0.026 2.65 464 0.017
qagdio_P1 1.719695 0.013286 0.759126 0.339 6.41 3207 0.446
qagqew_P1_H 1.332666 0.013527 1.001428 0.411 7.70 1846 0.410
qahpex07_P1_charged 0.452854 0.006397 1.406063 0.045 2.31 1054 0.032
qakgan_P1 0.221804 0.003494 1.571510 0.035 2.18 533 0.022
qalguh_P1 1.373527 0.013851 0.994214 0.267 3.91 2282 0.268
qalhix_P1_charged 1.767766 0.013594 0.755317 0.385 5.12 3594 0.510
qamkoh_P1 1.481088 0.012795 0.850938 0.332 5.05 2848 0.390
qamkun_P1 1.209221 0.012118 0.989814 0.254 4.56 2715 0.257
qamveh01_P1 0.953271 0.009797 1.017780 0.198 2.91 2728 0.194
qamxaf_P1 0.152044 0.002246 1.474962 0.021 2.01 593 0.014
qamxil_P1 0.323078 0.007866 2.426767 0.054 2.28 610 0.022
qansee_P1 0.243538 0.002918 1.195011 0.086 3.40 985 0.072
qansuv_P1_H 0.496140 0.007762 1.556478 0.102 3.27 988 0.066
qapqee_P1_charged 0.163418 0.002942 1.797235 0.017 2.06 359 0.009
qapwag_P1_charged 0.610311 0.006580 1.071530 0.190 4.59 1455 0.177
qapzuf_P1 1.150903 0.010683 0.917416 0.274 4.28 2461 0.299
qaqnoo01_P1 1.319923 0.011184 0.835911 0.343 4.57 2650 0.410
qaqnoo_P1_H 1.211081 0.010448 0.852100 0.327 4.50 2724 0.384
qaqsad_P1_H 0.429855 0.005662 1.311175 0.071 2.46 1219 0.054
qarcet_P1 0.341006 0.004895 1.430398 0.073 2.80 840 0.051
qarlut_P1 0.832002 0.009775 1.164884 0.264 4.58 1771 0.227
qarmaa_P1 0.667584 0.009046 1.345854 0.252 4.58 1531 0.187
qarsaf02_P1 0.145622 0.003064 2.101268 0.025 2.10 348 0.012
qarsaf_P1 0.147712 0.003089 2.087376 0.024 2.12 358 0.011
qarsin_P1 0.144099 0.003114 2.157836 0.029 2.11 337 0.013
qarsot_P1 0.141820 0.003091 2.175766 0.031 2.12 333 0.014
qastuc_P1 0.511792 0.005790 1.125354 0.097 2.66 1462 0.086
qasyuh_P1 0.650081 0.008977 1.371869 0.116 2.31 1651 0.085
qathok_P1 0.590969 0.007231 1.216163 0.213 4.66 1322 0.175
qatpux01_P1 0.408310 0.009031 2.202831 0.052 2.15 619 0.024
qatpux02_P1_H 0.413469 0.009061 2.182243 0.052 2.14 627 0.024
rachua01_P1 1.607658 0.011689 0.715205 0.419 6.18 2792 0.586
rachua_P1 1.096767 0.009467 0.853660 0.322 5.48 2422 0.377
raczec_P1 0.339832 0.005168 1.515302 0.087 2.89 920 0.057
raczig_P1 0.334041 0.005162 1.539921 0.084 2.92 905 0.055
ragmoe_P1_charged 0.255946 0.003578 1.394346 0.050 2.95 591 0.036
rahbou_P1 1.538203 0.013590 0.869866 0.314 4.51 3396 0.361
rahbuz_P1 0.365368 0.005030 1.371388 0.074 2.32 1116 0.054
rahnof_P1 2.277176 0.014619 0.627316 0.479 9.52 3998 0.763
rajfam_P1 0.629384 0.009588 1.513651 0.117 2.88 1202 0.077
rajfeq_P1 0.676358 0.009963 1.463017 0.141 3.08 1220 0.096
ramjoh_P1_charged_H 0.594235 0.006917 1.157029 0.153 3.68 1554 0.132
ramjun_P1 0.546575 0.006827 1.242113 0.096 2.83 1379 0.077
ramrij_P1 0.305610 0.004128 1.346540 0.044 2.34 1028 0.033
ramrop_P1 0.294948 0.004205 1.421398 0.045 2.30 1021 0.032
ramruv_P1 0.316271 0.004299 1.354579 0.049 2.29 1154 0.036
ramsac_P1 0.317384 0.004322 1.357347 0.055 2.28 1164 0.041
ramsut01_P1 0.168729 0.003619 2.140810 0.030 2.60 407 0.014
ramsut_P1 0.168142 0.003609 2.142594 0.030 2.61 411 0.014
rannom_P1 0.644638 0.009110 1.403934 0.111 2.54 1613 0.079
rannus_P1 0.648912 0.009047 1.385002 0.115 2.52 1644 0.083
ranpaa_P1 0.682705 0.008938 1.300160 0.176 3.15 1522 0.135
rantos_P1_charged 0.398699 0.006546 1.635316 0.028 1.96 716 0.017
ranwah_P1_H 1.638250 0.014151 0.849651 0.418 7.76 2198 0.492
rapfog_P1_charged 0.426937 0.005717 1.333165 0.030 2.14 992 0.022
rapyue_P1 1.297500 0.011928 0.907164 0.368 3.15 3154 0.406
raryit_P1_H 0.220821 0.003921 1.771344 0.034 2.38 573 0.019
raspej_P1 0.550021 0.006068 1.097121 0.136 3.28 1454 0.124
rasxep01_P1_H 0.067856 0.001751 2.578047 0.012 2.15 236 0.005
rasxep_P1_H 0.066571 0.001731 2.599502 0.013 2.15 239 0.005
rasxit_P1_H 0.072506 0.001903 2.621734 0.016 2.17 243 0.006
ratcul01_P1 0.335320 0.005868 1.743998 0.068 2.34 887 0.039
ratcul02_P1 0.343690 0.005995 1.738188 0.071 2.35 892 0.041
ratcul03_P1 0.355791 0.006170 1.727746 0.074 2.37 906 0.043
ratdas02_P1 0.245146 0.004714 1.918149 0.063 2.33 794 0.033
ratfea01_P1 1.475692 0.012830 0.856425 0.261 3.78 2781 0.305
ratfea02_P1 1.422819 0.012869 0.891410 0.247 3.71 2678 0.277
ratfea_P1 1.389378 0.013026 0.924325 0.244 3.65 2580 0.264
ratfok01_P1 1.084522 0.010477 0.955294 0.263 3.79 2488 0.275
ratfok02_P1 1.137504 0.010616 0.922445 0.253 3.89 2624 0.274
ratfok_P1 1.072384 0.010799 0.996003 0.236 3.73 2394 0.237
sabvoh_P1_H 1.318458 0.013285 0.994150 0.232 3.22 2128 0.233
sabvun_P1_H 1.460408 0.014435 0.973817 0.261 3.50 2285 0.268
sabwau_P1_H 0.431162 0.006290 1.452331 0.011 1.49 643 0.008
sabwea_P1 0.206066 0.003672 1.777960 0.026 1.97 614 0.015
sabwuq_P1 0.196029 0.003704 1.885601 0.023 1.94 562 0.012
sabxeb_P1 0.193018 0.003617 1.870301 0.023 1.94 575 0.012
sabxol_P1 0.187804 0.003593 1.909562 0.023 1.94 558 0.012
sabyay_P1 0.200694 0.003622 1.800676 0.026 1.95 586 0.014
sabyig_P1 0.205214 0.003746 1.821411 0.024 1.96 608 0.013
sabyus_P1 0.190742 0.003510 1.836643 0.025 1.94 568 0.014
sabzed_P1 0.188243 0.003577 1.896610 0.023 1.94 560 0.012
sabzon_P1 0.186778 0.003490 1.864541 0.025 1.94 552 0.013
sacbuw_P1 0.673660 0.007663 1.129745 0.118 2.84 1547 0.104
saccad_P1 0.687706 0.008045 1.161557 0.109 2.69 1586 0.094
sachip_P1 0.193035 0.002879 1.488731 0.028 2.20 517 0.019
sadleq_P1 0.578420 0.009153 1.573151 0.176 3.06 1263 0.112
sadlit_P1_charged 0.411286 0.004889 1.183693 0.072 2.65 1232 0.061
sadliu_P1 0.529786 0.009277 1.741631 0.149 2.99 1153 0.086
sadloa_P1 0.702208 0.010907 1.542172 0.210 3.54 1243 0.136
sadmiv_P1_H 0.150997 0.002369 1.566307 0.011 1.50 729 0.007
sadmob_P1_H 0.846875 0.009574 1.120759 0.169 3.02 1839 0.151
sadmuh_P1 1.199519 0.011941 0.983361 0.270 3.94 2303 0.274
safbaf_P1 1.301212 0.010788 0.818209 0.341 4.16 2893 0.417
safzil_P1 1.814689 0.012588 0.680932 0.384 5.22 3333 0.564
sagzuw_P1_charged 0.655597 0.010091 1.528960 0.093 2.11 1717 0.061
sahdah_P1 0.273969 0.005335 1.941809 0.029 2.23 612 0.015
sahniz_P1_charged_H 0.369782 0.004867 1.311193 0.085 3.69 1110 0.065
sahweg_P1 0.438679 0.005272 1.196221 0.052 2.36 1296 0.043
sahwuw_P1 0.881819 0.009755 1.096437 0.236 4.52 1889 0.215
sahxad_P1 1.195818 0.011522 0.951788 0.280 3.42 3100 0.294
sahyad01_P1_charged 0.333423 0.004430 1.324226 0.074 2.60 875 0.056
sahyad02_P1_charged 0.475022 0.005796 1.214068 0.088 2.55 1289 0.072
sahyad03_P1_charged 0.460404 0.005613 1.213283 0.094 2.56 1247 0.077
sahyik_P1 2.343835 0.014511 0.604475 0.565 7.47 3720 0.934
sahyoq02_P1 2.394933 0.014452 0.588854 0.567 7.55 3761 0.963
sahyoq03_P1 2.363955 0.014323 0.591455 0.563 7.54 3776 0.952
sahyoq04_P1 2.389659 0.014429 0.589278 0.563 7.54 3771 0.955
sahyoq05_P1 2.451486 0.014813 0.589278 0.573 7.55 3704 0.972
sahyoq_P1 2.406011 0.014535 0.589476 0.572 7.55 3798 0.970
sahyos_P1 0.272380 0.003633 1.329980 0.035 2.35 991 0.026
tabpeu_P1 0.899405 0.008637 0.951467 0.197 3.46 2099 0.207
tacpap_P1_H 0.217091 0.003682 1.692333 0.070 3.10 556 0.041
tacpet_P1_H 0.206078 0.003553 1.720113 0.066 3.03 529 0.038
tacpix_P1_H 0.209517 0.003567 1.698438 0.070 3.07 555 0.041
tacpod_P1_H 0.200966 0.003437 1.706554 0.066 2.97 538 0.039
tactup_P1 0.528557 0.006281 1.182007 0.130 3.80 1463 0.110
tacwom_P1_charged 0.130153 0.001736 1.332101 0.035 2.07 555 0.026
tacwus_P1_charged 0.118121 0.001523 1.287070 0.015 2.04 587 0.012
tadwec_P1 1.064026 0.009205 0.855811 0.303 6.25 1964 0.354
tadwig_P1 1.157543 0.010055 0.858412 0.317 5.79 1977 0.369
tafbin_P1 0.174244 0.002912 1.667832 0.044 2.45 643 0.026
tafrez_P1 0.338122 0.004449 1.311456 0.045 2.54 828 0.034
taftus_P1 0.668555 0.009423 1.399805 0.248 4.27 1472 0.177
tafvaa_P1 0.663146 0.009332 1.397611 0.265 4.28 1484 0.190
tagted_P1 0.040332 0.000522 1.294051 0.007 1.70 361 0.005
tagtih_P1_charged_H 1.445379 0.011727 0.799531 0.269 3.59 4326 0.336
tagtut_P1_H 0.762238 0.007533 0.980684 0.139 3.87 1920 0.142
tagvab_P1_H 0.375290 0.004164 1.105223 0.061 2.73 1311 0.055
tajtac_P1 0.336536 0.004190 1.240889 0.053 1.99 1627 0.043
tajtik_P1 0.317695 0.003989 1.251477 0.047 1.97 1555 0.038
takgoe_P1 0.418088 0.006882 1.638969 0.159 3.14 1011 0.097
takguk_P1 0.538630 0.008442 1.558789 0.213 4.56 1014 0.137
takhar_P1 0.517850 0.008250 1.584627 0.212 4.64 974 0.134
takhev_P1 0.510621 0.008253 1.607843 0.208 4.66 973 0.129
takteh_P1 1.057922 0.013154 1.230117 0.226 3.54 1691 0.184
taktil_P1 1.038160 0.012884 1.228080 0.222 3.55 1682 0.181
takyel_P1 0.169994 0.002846 1.670700 0.065 3.54 629 0.039
takyov_P1 0.167172 0.002873 1.714907 0.066 3.54 606 0.038
takzen_P1 0.228936 0.003518 1.533048 0.049 2.08 852 0.032
taljum_P1_charged_H 0.577905 0.007509 1.291743 0.108 2.91 1251 0.084
tamhum_P1_charged 1.137298 0.012848 1.116749 0.293 5.36 1834 0.262
tamjau_P1_charged 0.753739 0.010478 1.379464 0.186 4.46 1141 0.135
tamjey_P1_charged 1.025761 0.012100 1.167275 0.248 4.68 1718 0.212
tamzue_P1_charged 0.292609 0.004670 1.591112 0.057 2.36 797 0.036
tanban_P1_charged 0.300108 0.004583 1.522264 0.062 2.37 842 0.041
tanber_P1_charged 0.295215 0.004576 1.545419 0.067 2.38 835 0.043
tanbiv_P1_charged 0.290592 0.004562 1.565482 0.062 2.37 818 0.040
taphoj_P1_charged 0.121729 0.001745 1.432044 0.020 1.99 467 0.014
tapxit01_P1 0.139154 0.002248 1.613075 0.035 1.90 472 0.022
tapxit_P1 0.218293 0.003451 1.577437 0.063 2.89 478 0.040
ubacux_P1 0.546046 0.006722 1.224306 0.135 3.64 1474 0.110
ubaliu_P1_H 0.176228 0.002776 1.572287 0.050 2.36 695 0.032
ubibuf_P1 1.524517 0.012502 0.807322 0.336 5.83 3665 0.416
ubipay_P1 0.404377 0.005164 1.271757 0.085 2.19 1210 0.067
ubogav_P1_H 0.164095 0.004056 2.467406 0.029 1.98 391 0.012
ubulua_P1 0.875605 0.010798 1.222289 0.269 4.12 2016 0.220
ucabae_P1_charged 0.564337 0.006726 1.184743 0.094 2.71 1452 0.079
ucexac_P1_H 0.241105 0.004028 1.666353 0.058 2.61 658 0.035
ucexik_P1_H 0.231777 0.003937 1.694751 0.057 2.61 637 0.034
ucexoq_P1_H 0.232559 0.004003 1.716913 0.057 2.59 630 0.033
ucohur_P1 0.852076 0.010479 1.219166 0.254 4.09 2135 0.208
ucojed_P1 0.837857 0.010371 1.227347 0.259 4.00 2033 0.211
ucojih_P1 0.870546 0.010719 1.220555 0.267 4.05 2000 0.219
ucoxoz_P1_H 0.773534 0.008236 1.056357 0.173 3.37 2029 0.164
ucuhim_P1_charged 0.611210 0.007482 1.216557 0.126 3.14 1558 0.104
ucujou_P1 0.863130 0.012677 1.455926 0.253 3.27 1974 0.174
udanev_P1 1.532653 0.013475 0.865587 0.464 6.11 2728 0.536
udatie_P1 0.128741 0.002067 1.602902 0.032 1.84 858 0.020
udaxef_P1 0.695467 0.009258 1.321872 0.262 4.34 1566 0.198
udegiw_P1 0.607458 0.007705 1.260526 0.091 2.46 1367 0.072
udepie_P1 0.414960 0.007400 1.775670 0.159 3.24 1173 0.090
udezel_P1 0.224721 0.003346 1.485258 0.049 2.27 757 0.033
udicer_P1_H 0.087377 0.002211 2.527775 0.009 1.69 242 0.004
udihof_P1_charged 1.442484 0.012149 0.829862 0.328 4.68 2825 0.395
udisux_P1 0.152309 0.003464 2.270316 0.031 2.60 383 0.014
uditae_P1 0.138697 0.003138 2.259009 0.031 2.59 379 0.014
uditei_P1 0.136578 0.003038 2.221743 0.030 2.60 386 0.014
udiwem_P1 0.435022 0.006952 1.590904 0.083 2.30 990 0.052
udiwow_P1_charged 0.861091 0.009827 1.131162 0.276 5.49 1470 0.244
udiwuc_P1 0.291054 0.005379 1.842730 0.046 2.48 677 0.025
udonin_P1 0.503000 0.006204 1.226961 0.099 3.02 1385 0.081
udopel_P1 0.544075 0.006079 1.111057 0.107 2.94 1719 0.096
udovug_P1_H 0.629267 0.007824 1.235370 0.115 3.35 1742 0.093
ufalar_P1_H 0.646145 0.008395 1.290677 0.121 2.48 1571 0.094
ufalev_P1 0.385130 0.005592 1.446300 0.042 2.34 901 0.029
ufamew_P1 0.460940 0.005731 1.237468 0.077 2.43 1341 0.062
ufamia_P1 1.223347 0.011863 0.957691 0.269 5.09 2840 0.281
ufamum_P1 1.156541 0.011455 0.978909 0.247 2.96 3135 0.252
ufanev_P1_charged 0.649105 0.008793 1.345807 0.174 3.09 1286 0.129
ufaqea_P1 0.491101 0.005751 1.165212 0.154 3.68 1204 0.132
vabnar_P1 0.978577 0.010964 1.109231 0.251 4.12 1776 0.226
vabqaq_P1_H 0.262088 0.003733 1.420588 0.060 2.38 709 0.042
vabrey_P1_charged 0.199200 0.002752 1.378691 0.042 1.95 954 0.030
vacfov01_P1_H 1.297735 0.012761 0.970450 0.252 3.48 2868 0.260
vacfov_P1_H 1.317955 0.012427 0.930199 0.285 3.55 2967 0.306
vacfub01_P1 0.648334 0.007710 1.181371 0.202 4.27 1097 0.171
vacfub_P1_H 0.615350 0.007307 1.179996 0.181 4.25 1101 0.153
vackui_P1_charged 1.681096 0.012055 0.704881 0.345 4.78 3447 0.489
vaclap_P1_charged 1.582762 0.012123 0.753636 0.388 5.38 3070 0.515
vadwon_P1_charged_H 0.152087 0.001792 1.175599 0.018 1.97 557 0.015
vagbud_P1 0.511100 0.008249 1.605518 0.238 4.73 971 0.148
vagmat_P1 3.789853 0.014946 0.379267 0.619 6.73 5100 1.631
vagmex_P1 3.919912 0.014949 0.366254 0.628 7.01 5110 1.714
vagmib01_P1 3.094685 0.014794 0.463113 0.525 5.35 4790 1.133
vagmib_P1 3.103984 0.014703 0.458833 0.533 5.53 4759 1.161
vagmoh_P1 2.852041 0.014517 0.494324 0.492 4.78 4737 0.995
vahjew_P1 0.749334 0.008203 1.086344 0.144 2.97 1957 0.132
vahjia_P1 0.531730 0.006491 1.213929 0.078 2.30 1645 0.064
vahtuw_P1 0.556145 0.006344 1.134303 0.160 4.52 1217 0.141
vahvor_P1 0.808681 0.009964 1.222055 0.193 2.89 2266 0.158
vajhia_P1 0.126472 0.002100 1.658069 0.033 2.09 570 0.020
vajtux_P1 0.391532 0.005705 1.451321 0.050 2.23 906 0.034
vakbiu_P1 0.753458 0.007841 1.032690 0.100 2.88 2219 0.097
vakdix_P1 0.207624 0.002871 1.379590 0.042 2.22 595 0.030
vakdod_P1 0.206017 0.002885 1.397525 0.041 2.21 581 0.029
vakhib_P1 0.222801 0.003343 1.496929 0.054 2.47 596 0.036
vakreg_P1_charged 0.749242 0.008100 1.072779 0.125 2.60 1958 0.116
valviq_P1_H 0.387359 0.007290 1.874733 0.111 2.61 908 0.059
vamqae_P1 0.591767 0.008223 1.381045 0.197 3.85 1462 0.143
vamqei_P1 1.322866 0.015836 1.181153 0.385 5.72 1514 0.326
vamqim_P1 1.320405 0.015682 1.171841 0.386 5.74 1511 0.329
vamqos_P1 1.324255 0.015772 1.175078 0.386 5.75 1498 0.328
vamquy_P1 1.321616 0.015747 1.175625 0.373 5.71 1518 0.317
vamraf_P1 1.299487 0.015648 1.188340 0.373 5.66 1486 0.314
vamxak_P1 0.602057 0.006784 1.119849 0.136 3.94 1326 0.121
vanhea_P1 0.860157 0.008434 0.971914 0.187 3.72 2193 0.192
vannik_P1_charged 2.859753 0.015124 0.513657 0.646 6.06 3588 1.257
vapbar_P1_charged 0.478359 0.005560 1.156690 0.107 3.19 1211 0.092
vapbev_P1_charged_H 0.265705 0.003488 1.309018 0.065 3.02 746 0.050
vapbiz_P1_charged_H 0.265990 0.003489 1.308033 0.067 3.03 742 0.051
wadden_P1 0.087181 0.002053 2.352671 0.028 2.36 274 0.012
waddir_P1 0.078042 0.001878 2.404219 0.023 2.32 262 0.010
wagyua_P1 3.257581 0.014755 0.438126 0.576 8.44 4656 1.314
wagzel_P1_charged_H 0.128087 0.002379 1.854915 0.019 1.98 473 0.010
wahfuj01_P1 0.448643 0.005831 1.293666 0.102 2.45 1372 0.079
wahfuj_P1 0.473635 0.006112 1.284077 0.100 2.49 1363 0.078
wahgaq_P1 0.480292 0.006179 1.280231 0.109 2.50 1382 0.085
wahgiy_P1 0.378539 0.004890 1.286783 0.086 2.67 1132 0.067
wahkoi_P1 1.401743 0.011022 0.775116 0.244 4.14 2855 0.315
wahraa_P1 0.379670 0.005675 1.488707 0.049 2.22 791 0.033
wahrij_P1_charged 0.747318 0.007620 1.011976 0.146 3.23 2015 0.144
wajhog_P1 0.639751 0.008469 1.315083 0.125 2.74 1407 0.095
wajhum_P1 0.983446 0.012260 1.234252 0.210 3.74 1490 0.170
wajjau_P1 0.995397 0.012392 1.232354 0.220 3.74 1496 0.178
wajjey01_P1 0.996140 0.012385 1.230803 0.210 3.74 1496 0.171
wajjey_P1 0.981004 0.012195 1.230803 0.210 3.74 1496 0.171
wajjoi01_P1 1.001444 0.012479 1.233396 0.214 3.74 1491 0.173
wajjoi_P1 0.988394 0.012314 1.233396 0.213 3.74 1502 0.173
walboc01_P1 0.393895 0.006713 1.697419 0.043 2.11 961 0.025
walboc02_P1 0.391341 0.006681 1.700490 0.056 2.09 957 0.033
walboc_P1 0.384043 0.006566 1.702937 0.053 2.09 959 0.031
walcet_P1 0.417357 0.007092 1.691867 0.057 2.11 974 0.034
walcix_P1 0.387219 0.006651 1.710843 0.057 2.09 933 0.033
walkay_P1 0.498689 0.006014 1.199917 0.074 2.27 1346 0.062
walmoo_P1_H 0.296868 0.005397 1.812511 0.051 2.14 748 0.028
wamgup_P1_charged 1.591287 0.012065 0.746004 0.325 4.27 3075 0.435
wamrej_P1 2.344620 0.014431 0.600937 0.472 6.47 4152 0.785
wamrin01_P1 1.054860 0.010362 0.971799 0.177 3.42 2042 0.182
wamrin02_P1 1.043980 0.010484 0.993539 0.192 3.53 1982 0.193
wamrin_P1 1.058356 0.010493 0.980758 0.203 3.43 2019 0.207
waqdoj_P1_charged_H 1.784501 0.012594 0.693064 0.320 4.98 3453 0.461
waqfig_P1 1.599942 0.012594 0.774383 0.341 3.82 3260 0.440
waqtam_P1 0.801618 0.008806 1.089460 0.150 2.85 2215 0.138
waqteq_P1 1.183701 0.011180 0.933203 0.288 5.96 2416 0.308
waqzew_P1 1.850949 0.013087 0.693802 0.401 4.75 3248 0.578
warfaz_P1 0.344584 0.004533 1.310549 0.101 2.81 1139 0.077
warjac_P1 0.733459 0.010638 1.439552 0.133 2.61 1398 0.092
wasmub02_P1_charged 1.252169 0.011547 0.910448 0.258 4.29 2389 0.283
wasnio_P1 0.322826 0.004260 1.315231 0.040 2.00 804 0.030
wasnou_P1_charged_H 0.376512 0.004483 1.185928 0.066 2.10 1406 0.056
xabnog_P1 0.148896 0.003221 2.159693 0.023 2.36 345 0.011
xacfaj_P1_charged 0.142551 0.001845 1.291765 0.034 2.04 1004 0.026
xaclar_P1_H 0.157198 0.002712 1.721961 0.047 2.83 500 0.027
xaclof_P1_charged 0.386891 0.005945 1.530608 0.040 2.00 849 0.026
xaczeh_P1 0.668986 0.008531 1.266566 0.187 5.25 1367 0.148
xadcow_P1_H 1.429422 0.012600 0.868728 0.358 7.07 2256 0.412
xaddaj01_P1 0.460770 0.006644 1.435249 0.102 2.96 1286 0.071
xaddaj_P1_H 0.436587 0.006368 1.452199 0.073 2.88 1269 0.050
xaddox_P1 0.582861 0.007605 1.296997 0.111 2.44 1846 0.086
xadfal_P1 0.329522 0.005136 1.553343 0.031 2.03 692 0.020
xadfep_P1 0.533268 0.007987 1.489542 0.040 2.07 903 0.027
xadfuf_P1 0.396044 0.004960 1.247351 0.033 2.50 975 0.026
xadgam_P1_H 0.500955 0.006047 1.200799 0.072 2.52 1229 0.060
xafben_P1_charged 0.129948 0.002235 1.716636 0.017 1.81 660 0.010
xafbox_P1_charged 0.188269 0.003756 1.991194 0.026 2.20 453 0.013
xaffan_P1 3.809668 0.015046 0.379735 0.619 6.72 5079 1.629
xaffer_P1 3.878917 0.015108 0.374213 0.598 6.98 5102 1.597
xaffiv_P1 3.928033 0.015254 0.372925 0.640 6.67 5156 1.715
xaffob_P1 3.847570 0.015280 0.381693 0.619 6.69 5094 1.621
xaffuh_P1 4.339243 0.015533 0.342352 0.672 11.88 5033 1.962
xafxot_P1 0.122122 0.002386 1.950452 0.047 2.31 358 0.024
xafyag_P1 0.077151 0.001386 1.795540 0.011 1.78 347 0.006
xagcam_P1 0.152092 0.002782 1.826005 0.056 3.00 494 0.031
xagceo01_P1 0.474627 0.008550 1.792567 0.073 2.82 927 0.041
xagceo_P1_H 0.461748 0.008386 1.807463 0.072 2.82 915 0.040
xagceq_P1 0.086939 0.001986 2.281125 0.041 2.94 354 0.018
xagcis01_P1 0.310484 0.005658 1.816425 0.058 2.55 690 0.032
xagcis02_P1 0.303418 0.005589 1.836029 0.058 2.54 678 0.032
xagcis_P1 0.308029 0.005634 1.823427 0.058 2.56 688 0.032
xahped_P1 3.696743 0.014986 0.390306 0.598 6.18 5198 1.531
xahpih_P1 4.020601 0.015611 0.372577 0.640 7.15 4761 1.717
xahpon_P1 5.115723 0.015837 0.293674 0.707 8.13 5126 2.406
xahput_P1 8.004842 0.016169 0.185792 0.790 10.77 5894 4.249
xahqaa_P1 8.501844 0.016340 0.175820 0.809 11.00 5776 4.599
xahroq_P1 0.978700 0.012601 1.274756 0.105 2.22 2009 0.082
xajqac_P1_H 1.331550 0.011940 0.884626 0.279 4.29 3010 0.315
xajsej_P1 1.294880 0.011119 0.847388 0.264 3.86 3127 0.311
xakcuk_P1 0.233199 0.002935 1.255451 0.055 2.59 703 0.044
xakmii_P1 0.278480 0.003707 1.327591 0.057 2.68 746 0.043
xakqor_P1 0.895336 0.008717 0.964669 0.145 3.04 2693 0.150
yabher_P1 1.662028 0.012260 0.725263 0.333 6.14 3574 0.459
yabkeu_P1_charged 0.559391 0.008477 1.506772 0.189 3.55 1186 0.125
yabyad_P1 0.340936 0.004510 1.317990 0.049 2.57 794 0.037
yahped_P1 1.038172 0.010714 1.021156 0.189 3.39 2141 0.185
yajxit_P1 0.393244 0.006578 1.666134 0.083 2.21 1058 0.050
yajxuf_P1 0.341655 0.005750 1.677016 0.062 2.22 1015 0.037
yajziv_P1_H 0.158165 0.003229 2.038060 0.033 2.28 391 0.016
yakboe_P1 1.428586 0.012629 0.871286 0.278 3.95 3108 0.319
yamkop_P1_charged 0.433447 0.005402 1.240785 0.055 2.38 963 0.044
yamxoc_P1 1.543892 0.014362 0.915691 0.344 3.12 3050 0.376
yanbar01_P1 0.351280 0.006416 1.819847 0.065 2.33 851 0.036
yanbar02_P1 0.388425 0.006750 1.730981 0.102 2.50 970 0.059
yanbar03_P1 0.355638 0.006455 1.808467 0.071 2.36 866 0.039
yanbar04_P1 0.342673 0.006295 1.830693 0.069 2.36 839 0.038
yanbar_P1 0.380243 0.006732 1.763574 0.079 2.48 939 0.045
yanmuy_P1 1.053224 0.010376 0.974618 0.215 2.93 2815 0.221
yaprue_P1_charged_H 0.715242 0.008177 1.134893 0.202 4.15 1514 0.178
yapsal_P1_charged_H 0.352190 0.004617 1.306202 0.106 3.44 940 0.081
yaqdif_P1_H 0.788147 0.009029 1.136466 0.132 2.22 2070 0.116
yaqzat_P1_charged_H 0.088428 0.002337 2.640234 0.021 2.05 468 0.008
yaqzex_P1_charged_H 0.129697 0.003999 3.079553 0.115 3.73 468 0.037
yarbea_P1 0.635627 0.006473 1.011594 0.109 2.71 1928 0.108
yarbuq_P1 0.295622 0.003673 1.238736 0.029 2.34 690 0.023
yarday_P1 0.217127 0.002760 1.268411 0.032 2.57 610 0.025
yardec_P1 0.718141 0.007516 1.038876 0.097 2.33 2149 0.093
yardig_P1 0.753345 0.007818 1.029776 0.098 2.31 2162 0.095
yarfii_P1 0.708852 0.007417 1.038762 0.112 2.81 2024 0.108
yargab_P1_charged 0.916400 0.009312 1.006547 0.271 4.89 1806 0.269
yargij_P1_charged 0.272860 0.003510 1.282489 0.056 2.67 903 0.044
yarkaf_P1 0.192126 0.002613 1.357189 0.033 2.39 693 0.024
yarkej_P1 0.437256 0.005360 1.220281 0.076 2.54 1205 0.062
yarsan_P1 0.433117 0.005629 1.293817 0.084 2.51 1098 0.065
yarsiv_P1 0.110389 0.001940 1.755303 0.016 1.86 338 0.009
yaryof_P1_H 0.548124 0.006774 1.228883 0.145 2.46 2438 0.118
yarzez02_P1_charged 1.244800 0.010749 0.852512 0.270 3.65 3828 0.317
yarzez03_P1_charged 1.358150 0.011163 0.810507 0.312 3.89 4038 0.385
yaslow_P1_charged_H 1.370675 0.011769 0.846724 0.341 5.64 2916 0.403
yasnaj_P1 0.429343 0.005204 1.206784 0.068 2.89 1218 0.056
yaspep_P1 0.133405 0.001737 1.299729 0.021 1.79 672 0.016
yatduv_P1_H 1.282184 0.012117 0.932672 0.328 4.58 2951 0.352
zafwah_P1 0.153511 0.002084 1.355543 0.041 2.50 449 0.030
zafwub_P1_charged_H 0.500230 0.009066 1.803318 0.201 4.11 1470 0.111
zafxai_P1_charged_H 0.530570 0.008038 1.506720 0.126 2.96 1683 0.084
zagfof_P1 1.553674 0.011942 0.756561 0.311 4.71 3096 0.411
zahlig_P1 1.601333 0.012183 0.748443 0.328 4.61 3387 0.438
zahlom_P1_H 2.175006 0.013375 0.601432 0.438 5.55 3895 0.728
zalgeb_P1_H 0.292957 0.006331 2.154626 0.087 2.61 694 0.040
zalgol_P1_charged_H 0.308356 0.006635 2.144933 0.094 2.64 708 0.044
zaqwew_P1 0.282700 0.004350 1.534039 0.085 2.42 965 0.055
zarlel_P1 2.139931 0.012100 0.553188 0.526 6.83 2948 0.950
zarlip_P1 1.063692 0.009331 0.867730 0.278 4.54 2203 0.320
zarmai_P1_charged 1.013087 0.010193 0.995800 0.289 5.35 1911 0.290
zarzav_P1 0.441138 0.005865 1.323428 0.082 2.61 1070 0.062
zasjag_P1 0.601922 0.007301 1.205293 0.224 4.16 1327 0.186
zatpiw_P1_H 0.786313 0.010586 1.335593 0.176 3.51 1694 0.132
zatpoc_P1_H 0.246715 0.003859 1.560146 0.056 2.49 764 0.036
zatyax_P1 0.607031 0.007162 1.172392 0.173 3.35 2036 0.148
zawbux_P1 0.269725 0.003860 1.427107 0.059 2.20 964 0.041
zawcae_P1 0.285048 0.004040 1.412846 0.059 2.22 1023 0.042
zawcei_P1 0.283449 0.004057 1.426879 0.055 2.21 967 0.039
zawcim_P1 0.306841 0.004232 1.374905 0.059 2.25 1114 0.043
zawhiq_P1 0.140898 0.002557 1.812234 0.019 2.01 404 0.010
zaxqog_P1_charged 0.291759 0.004548 1.554122 0.048 2.52 644 0.031
zaxsav_P1 0.464959 0.005966 1.277061 0.092 2.63 1542 0.072
zayjoa_P1_H 0.051645 0.001990 3.851133 0.036 2.02 271 0.009
zaypoh_P1_charged_H 0.273644 0.004490 1.635944 0.039 2.44 561 0.024
zaywuu_P1_charged 0.304409 0.004555 1.491773 0.033 2.25 682 0.022
zayxef_P1_charged_H 0.275165 0.004535 1.643579 0.032 2.44 579 0.019
zazbuz_P1 0.757309 0.009559 1.252565 0.163 2.94 1526 0.130
zebdob_P1 0.136085 0.002100 1.540843 0.038 2.68 452 0.025
zebmaw_P1 0.837445 0.008877 1.050900 0.194 3.55 2276 0.185
zebwub_P1 1.131065 0.010182 0.889918 0.278 4.70 2522 0.312
zecbob_P1 0.335271 0.004785 1.422289 0.066 2.61 899 0.046
zecbuh_P1 0.321820 0.004690 1.452692 0.080 2.59 884 0.055
zeccao_P1 0.325298 0.004748 1.454660 0.086 2.60 882 0.059
zeckid_P1_H 2.084714 0.013872 0.651279 0.462 4.83 3734 0.709
zeckoj_P1_H 1.972253 0.014045 0.697970 0.412 4.31 3496 0.590
zectuz_P1 0.618237 0.009492 1.525682 0.111 2.40 1277 0.073
zecvah_P1 0.367610 0.006460 1.750732 0.122 3.06 837 0.070
zecwuc_P1 0.233607 0.003291 1.405254 0.023 2.07 653 0.016
